,22RV1,647-V,A549,BFTC-905,BT-20,BT-474,BT-549,C32,CAL-120,CAL-148,CAL-51,Calu-3,Calu-6,CAMA-1,COLO-205,DMS-114,DU-4475,EVSA-T,HCC1143,HCC1187,HCC1395,HCC1419,HCC1428,HCC1500,HCC1569,HCC1806,HCC1937,HCC1954,HCC38,HCC70,HCT-116,Hs-578-T,HT-1197,HT-1376,HT-29,J82,KATOIII,KMS-11,KU-19-19,LS-513,M14,MCF7,MDA-MB-157,MDA-MB-175-VII,MDA-MB-231,MDA-MB-361,MDA-MB-415,MDA-MB-436,MDA-MB-453,MDA-MB-468,MFM-223,NCI-H1299,NCI-H1437,NCI-H1563,NCI-H1703,NCI-H1793,NCI-H1975,NCI-H2085,NCI-H2170,NCI-H2228,NCI-H226,NCI-H2291,NCI-H23,NCI-H3122,NCI-H358,NCI-H520,NCI-H522,NCI-H747,NCI-H838,NCI-SNU-16,RKO,RT4,SW48,SW620,SW780,SW837,SW900,SW948,T-24,T47D,TCCSUP,UACC-812,UM-UC-3,VCaP,VM-CUB-1
22RV1,0,140.132047883453,169.240464599089,174.435280689866,173.172135361018,229.756707276699,206.788662401639,106.008363746229,282.649204045265,103.23014257363,76.7941293599334,236.972544511106,146.902769570481,120.879216880122,262.600499921285,232.585846217639,350.056121856459,204.229750718624,295.091422809045,178.398004153617,186.341062228428,331.990901904914,317.923302224713,133.745942962266,210.471949689228,146.003318688693,400.290602303398,439.907841180915,125.23556944212,404.098348476224,83.9732924717927,161.404170297816,240.069079785978,525.153151339967,219.797122064989,303.949901268596,307.576870063083,234.401953578231,253.626571685539,85.417023444759,199.566196759139,212.643611814504,235.342468496185,326.44056658844,183.308475056531,191.046142086475,201.751913137111,239.314829168228,419.048722671148,224.625625720445,216.684162638219,529.174606527408,210.487956546079,314.93843108038,129.394895635979,246.837065721438,220.472371715564,159.159935502273,620.73690426624,338.431983553974,85.7442377878833,188.397918788199,207.68677560186,361.546362847302,148.019361277783,445.668185616828,158.353244352155,201.619450716449,139.546134453936,319.929263662601,93.1117196581974,317.630687652299,83.8436508854895,106.03738988474,299.213314890319,122.16459678492,143.817168617265,213.811056893883,281.763838386527,188.282663613078,209.025180298239,235.600296082183,262.136904268236,256.638402537072,93.0805989885913
647-V,140.132047883453,0,159.678009241488,168.828278168921,151.911024409918,212.662281492761,189.291974106321,166.57403376921,245.249750308259,149.869465194469,143.391583906269,202.611596605752,154.155690960836,169.277228849924,225.046038285972,200.430096792123,305.223085979655,185.199544189382,256.28805536075,164.083006713155,188.663869130226,297.450020159621,284.465883585863,210.678305310412,183.107739336135,156.064126494901,346.367348420705,387.029967405396,183.032005749302,348.408988129536,144.982594167634,152.48423596155,212.736836700605,468.063767745205,184.972158070398,255.549005858591,258.370715129279,219.123536458642,233.739301036774,142.232750473007,172.66637710413,198.327594998061,209.425949294387,285.721556427656,153.685261206563,179.014810903159,182.778958205071,217.889221355111,374.744184661678,191.811554026436,221.074215554581,482.844846588061,189.190006595032,267.268913978417,141.27369851087,220.551968075721,193.963064072559,159.651405127482,564.604857268608,293.699227222931,156.131536790497,191.176460372922,177.988841857839,319.762297085255,138.84659650848,398.869695971268,145.711758777551,179.414098873352,163.370606760199,273.419973468877,149.782755691894,277.364223653211,141.888907651926,137.656985869506,253.243763307107,182.120386036077,158.332712954528,190.240591626184,238.655103837749,180.050997179663,180.481047956374,207.230549632484,232.752352609619,228.890861811878,152.909796924169
A549,169.240464599089,159.678009241488,0,164.111129367854,177.56611561107,203.496047743015,202.369918737023,187.818219168548,229.666141660556,175.985466701569,176.122964717601,175.071212725183,141.118041210452,197.23872644705,208.467252219211,185.27620739377,265.612603440594,182.707918988116,224.38451202327,178.165475588045,179.200922131121,269.709982337376,238.27484402233,241.705275827857,178.493207205884,188.577125793053,308.634576997854,353.21722081505,212.844150296508,321.696882154647,169.391719619975,170.848744020678,182.412564012671,435.801141223837,149.320890281402,244.530857609994,221.467469020383,183.448406952887,198.870896659707,164.841398701298,157.712112683535,177.566737038514,184.645930711135,239.611565254451,156.746928548614,171.647580413605,172.42402428022,211.339788536568,332.795777426021,196.895359087982,224.5446905948,433.897422910021,168.769004635302,226.348015585148,172.412865912913,175.054736371068,183.715974109397,147.670601613884,510.210756198588,256.604863479358,182.316955370284,163.990807704195,170.233260374786,287.559171350473,142.754739727777,352.379829208708,154.606579036928,152.547624698045,172.924496244366,236.073511258896,167.224924372081,217.429405336939,167.616637271126,159.588493881569,198.197617922509,203.447175655282,157.577900143721,168.700925522395,204.911881885006,174.108769552105,162.190659927278,204.781729056668,192.965435064105,191.91910514686,183.948200565939
BFTC-905,174.435280689866,168.828278168921,164.111129367854,0,177.457651649722,201.091977816533,193.80012839797,188.469466012806,231.239742684113,182.571806144219,177.523299951484,193.503304353179,154.920624079805,194.242956071633,218.88481021381,191.063823425277,277.451500983893,178.442967029803,232.578791083418,180.825578611128,165.241592737348,268.754102097638,250.819233686088,234.640489840631,172.624388446985,176.716197443329,307.70518414727,365.677624131753,215.80537608005,320.865982101261,172.920727807614,161.607406193599,189.806102369699,431.635102064164,175.243724788084,240.683117011688,238.480465247219,203.27824088472,190.814124609851,172.769761711857,159.984802256101,183.50364289632,206.221469245659,260.640764758235,154.356563149576,169.079000249882,176.942138184299,206.266686005948,335.560152242137,184.657105680627,223.497325065537,436.187419779688,169.618452343074,244.895436168087,169.736178761779,187.889680767225,173.246308959762,170.223521768429,536.313464431037,256.681016588401,191.430407659664,165.03046414345,152.837888153071,288.296976322832,140.607073863905,347.233134785923,153.887086894486,172.348339997617,174.229632441212,239.259737056339,168.97496444929,252.195326277397,167.669373989465,160.346120977406,232.729705415746,206.036372261165,161.607890428978,189.338865058147,215.930321040254,168.14451219805,170.10763982095,211.815064907665,196.053133530216,207.908949402075,172.500582924463
BT-20,173.172135361018,151.911024409918,177.56611561107,177.457651649722,0,217.398911110217,196.485339943032,183.444574840593,249.335464518675,169.086770130867,162.327176928145,212.197342944281,164.460974325752,179.946638124188,235.153344136284,223.155435683706,296.04700313967,190.144222785343,256.182168570435,183.56797555124,191.395798165211,291.273543691609,280.789850377851,231.59658336463,185.850491186718,179.471990847092,338.404550691893,376.068273634005,197.296216766267,340.004608777941,166.600443126284,162.750568244068,223.224726584065,461.029694470555,182.383868302928,262.755239374282,259.112180160282,221.735269320239,210.098914258462,160.288491614481,173.106994840651,208.271023150125,208.613724141656,275.46147470147,161.436237191914,193.457578633681,195.371502061164,214.919045344482,365.888586182694,192.637353884765,230.878402689798,475.415773880858,189.837203451388,279.296551330945,171.150854098037,201.282916406781,202.682846114196,177.427593871737,556.054391349719,286.032955181588,185.259250197586,182.251082484814,171.889491870578,318.784735958976,149.846867097367,390.250437993551,171.650075749985,180.973644159589,164.433897072764,269.615741930951,157.964121584658,287.519394701864,159.832131213926,151.355184346001,253.867983556419,193.443077614697,172.831566848628,174.878536775376,232.406709661307,193.824719201134,194.607157777164,226.196044563633,242.077159910709,233.997422315569,172.986479780954
BT-474,229.756707276699,212.662281492761,203.496047743015,201.091977816533,217.398911110217,0,239.982619797711,239.736229016835,259.658240138792,224.8667802495,233.040722575108,213.585277618219,208.893255024848,245.381779284498,254.828774742506,234.163051892275,301.907857253332,212.821306013354,267.954294154182,226.965473407903,218.994340797379,265.648555487356,263.254686245373,279.423748970242,210.929515049246,231.687246085232,329.017686657009,363.496807964807,263.914322408143,338.391244869896,228.495111193013,210.629831818779,237.870147157694,446.663832996676,217.119540869381,269.951222265892,264.057068740954,229.106533199475,237.808563470583,226.97803286128,216.400424790693,218.90944338678,233.35887150565,274.21134336686,196.937295442425,199.090735097262,232.074158472164,249.981981367048,349.458736691647,230.424022878558,257.752589893007,448.673558698416,220.039242702057,264.587272234319,225.487084479244,221.905745497046,217.021956319722,206.613349213342,531.686432810941,283.56707624633,243.335178586934,219.680554702441,205.030546447167,316.382747275231,202.811501100221,384.108098299265,209.568531140374,220.062751919951,218.570724575424,270.138898152596,223.399196026918,276.7738488251,224.019075174599,221.531260362054,256.4356222058,255.842658121199,218.539769635176,218.92301685813,248.676299123678,212.825408125605,222.361935512435,228.140869758717,244.494877143032,237.860663719396,231.546010523791
BT-549,206.788662401639,189.291974106321,202.369918737023,193.80012839797,196.485339943032,239.982619797711,0,226.407556264397,232.420475736983,206.879242111062,214.168131582953,214.987528102962,187.195973293221,228.871844588796,219.215108349821,198.827554482322,253.876478472429,187.250924675646,231.021305236925,160.983603108425,192.377698571777,260.552780134552,284.592123929419,278.707658915557,178.619729553692,212.086867567722,291.70927756845,340.475948309242,258.096560736205,300.530086094916,213.961046979291,158.040113638436,197.478113997422,397.427073528791,191.327392068474,218.216411160154,230.891279866339,210.601411796059,213.077498689469,184.105276533123,163.464372452414,212.106773097635,201.102283640516,258.738859719303,177.709901431408,225.625212842545,206.094241511391,202.662451818972,329.026292928275,176.147149494619,260.191572162957,418.541915817458,211.228520075605,249.091320062394,179.743694510714,195.956750131097,212.123072784728,179.009604436554,510.851126246902,261.436570066597,235.157076042608,189.366060289785,198.777300951379,292.993937986601,176.072567883506,343.747464255541,185.844327785847,171.047421019673,210.149016369751,243.707833741056,199.067076794536,253.18872125896,206.359303880158,201.44732254667,232.707075345253,245.491271013984,186.270652350084,199.569615284678,207.149107957319,195.644451476617,164.734515770687,224.175679120868,190.191066815361,212.621512960778,220.576853214524
C32,106.008363746229,166.57403376921,187.818219168548,188.469466012806,183.444574840593,239.736229016835,226.407556264397,0,297.361973104892,119.614000178409,105.8550408889,252.082221046672,162.864464253224,125.695174616972,273.887859356659,245.409017794556,354.387790775123,203.751163447872,309.924239559306,190.033658658422,180.848704834758,346.42727098513,327.00320475574,151.71000293997,215.92282450466,169.717772057399,408.133054771383,446.66030294523,143.807904816351,403.924722545803,110.624294031888,168.77010879062,258.196333910913,532.047212012447,225.384070475298,316.528857181324,310.820964754714,235.976341697775,265.637525009099,104.394898510652,203.569191074419,213.351767203739,243.764856849879,330.101284156874,191.230472287022,212.588574656996,210.056438088998,244.888725871926,427.803769718788,235.436290749787,235.296358983469,536.136397949752,227.257902366945,329.535575495177,144.492945781487,259.443974865982,219.062086057093,165.106782381841,620.052288827857,355.678741204192,119.96523340894,192.1591043237,213.162386577797,371.199772618881,167.47185458904,456.651444974467,170.457448564394,220.019709088625,157.642403005028,320.842592229095,105.593055933268,331.086591907106,99.0408616599064,124.404211179842,315.437760265067,142.571916578228,167.09494209535,219.66216602398,295.301633340565,217.871539796646,221.526267405448,254.310567260017,275.679038611821,266.326981331265,116.775626821326
CAL-120,282.649204045265,245.249750308259,229.666141660556,231.239742684113,249.335464518675,259.658240138792,232.420475736983,297.361973104892,0,284.472573808768,285.542587742131,224.639087147795,238.425449696402,299.509613816266,256.085551271457,227.650147456549,278.265672440577,219.468991109282,233.323719092803,243.335284124396,245.35528370211,266.670902871117,256.001872170041,336.768343778809,222.149528017765,258.178522952742,277.353438551355,333.553753484819,315.830098325871,311.420887616775,281.235573322268,235.732727578588,219.441854260475,376.471022877483,212.358515967431,229.958873900165,239.174712110265,229.994356446303,227.325113876405,277.141188340183,206.340277399785,248.36058421064,239.20174064661,271.709380011863,206.895650829275,246.826606364659,244.607999386321,254.935950210987,314.908875609511,233.080361244169,281.96976696336,387.409943428753,231.814735324421,237.800477609822,252.871174996559,209.793628258381,240.261117784368,234.366713152573,475.777486822456,252.066235991,297.047037225517,230.350414690601,219.792620524671,297.075495989011,228.742402911544,318.78042815425,227.352596682396,217.823714732546,259.662418110334,250.737169353665,275.032141194228,240.628895484539,276.918590900171,263.374287937258,224.973122434018,302.245050844996,245.401919244269,246.039101637354,215.987342483491,241.682550649807,212.31185430549,265.82418252814,207.179076653126,228.590657260543,291.969103641047
CAL-148,103.23014257363,149.869465194469,175.985466701569,182.571806144219,169.086770130867,224.8667802495,206.879242111062,119.614000178409,284.472573808768,0,97.9450022419652,237.909438716331,162.33092984249,129.295771600193,262.43418193137,223.396281304604,324.047941560182,198.538413245168,292.939983040257,163.810125804117,186.045698610286,334.017157364333,306.873575402611,155.260230438411,198.99202267632,160.404894007119,396.129330569753,426.172003559838,137.329779450917,390.094026873093,111.530503818235,170.881878887544,253.9747902898,515.360649958769,210.711854864434,305.902738625604,301.694506123445,221.14513106855,258.06852843672,107.723823157058,200.511579127903,215.341060619722,215.083551414074,304.482002988416,173.435966986266,200.739967193293,197.668162263181,230.300746789304,405.949629802344,215.78522346393,205.850862285853,529.70160910708,208.345514679818,316.249159147443,138.362713335968,246.449512128831,210.104683275128,167.228118023881,608.449940734443,325.92178971444,125.935924283236,197.94732632763,199.149640233422,355.867659707216,158.483374777257,441.404108188255,156.352605122464,199.261997205057,153.864904069978,310.524024144734,104.961221416045,326.297480422263,94.0045403832628,120.779527447678,291.412908997371,134.076634051357,152.721905474652,200.269826574091,276.35529156177,188.32939802647,211.419189821928,221.892668297175,268.83023934484,261.801259511295,121.621524487888
CAL-51,76.7941293599334,143.391583906269,176.122964717601,177.523299951484,162.327176928145,233.040722575108,214.168131582953,105.8550408889,285.542587742131,97.9450022419652,0,238.68880053485,154.854023454616,105.655922454675,271.929438638588,236.440251293503,359.58674691961,204.055087109842,298.311284347016,182.222584964341,186.820945777969,342.058646910223,319.664710996833,119.209468475388,216.931488046768,145.723003322912,410.793267511296,445.788650182628,101.257296939964,410.319910703518,50.1524938664373,156.930101320576,252.058186834004,535.926606457605,216.590166113552,314.428566117809,309.600389989031,245.885386025663,266.102959603857,94.6940741304962,203.145835336213,217.794694308684,226.913557053375,334.117218141279,178.430554037329,195.730728091177,191.661566211569,235.402611177059,427.740564029136,220.030901126111,214.948392779682,537.886560533546,215.186177705983,324.609556624393,122.11627267474,250.739105344525,222.558398921945,170.475773380323,634.901692877592,345.339523126608,79.6498219580245,192.353955471654,205.069052485672,367.370078273865,146.903952787344,454.003587090054,150.418593310896,210.14921997453,136.090146905545,319.547051967411,59.215193978172,335.100850410316,43.5733521222125,89.4329895225612,303.299820627915,97.6854840476713,159.0053015421,205.516619998149,278.175874657475,198.785336301653,218.253628138919,223.75297174074,270.798855102632,267.459668913683,74.4417823208614
Calu-3,236.972544511106,202.611596605752,175.071212725183,193.503304353179,212.197342944281,213.585277618219,214.987528102962,252.082221046672,224.639087147795,237.909438716331,238.68880053485,0,195.884384304149,250.22236044174,232.081525141129,200.964729775865,261.622500643046,214.138234550894,230.916095380631,219.969583227151,213.172801385071,266.599899800125,256.667540256738,294.517655114985,191.050199187642,236.50949991087,285.910277663427,334.721031569202,276.153620407194,303.392361658777,237.475000769077,194.923401762575,222.751445069885,402.217039109689,187.364010762697,221.527343979829,220.56569414637,197.812205109965,210.774575777147,230.224704928682,177.977966021891,218.543165786649,230.955720517388,245.364615143885,186.185699350907,208.42480257205,196.984371793118,240.862198377334,316.610679855026,221.813300569017,243.1539123062,415.762062903848,193.990543350361,222.912937351444,218.89229434286,176.971022069051,212.893219536687,198.505715301782,501.979650880964,240.367795878571,250.15877793098,189.465125416649,191.667054994157,298.471146334394,199.30375339786,325.629389170451,192.505467737535,187.787100743138,222.131439639246,236.360092049464,234.785591700273,223.968431629779,228.213863322898,225.76230975674,207.323988667474,258.713795020284,214.647638797988,210.919028095973,210.454349537558,188.394560435888,187.697848801444,211.448417813375,211.384195989873,221.131603875528,242.71793281136
Calu-6,146.902769570481,154.155690960836,141.118041210452,154.920624079805,164.460974325752,208.893255024848,187.195973293221,162.864464253224,238.425449696402,162.33092984249,154.854023454616,195.884384304149,0,176.919855676437,218.98884888735,203.198179775594,294.61467944277,178.001444955614,243.967141433676,176.686979388071,163.483284065949,277.166805956296,269.007248541606,220.24947667325,181.55240942208,166.776464180834,323.528964985766,382.623990824899,198.908451284481,337.653840206945,153.10855832778,151.490356846224,198.616623041712,450.536831672825,175.422493297062,246.748174072538,243.252005986499,207.334352598082,200.934933319264,137.992348928162,154.7788447525,178.810910228865,208.253741614133,271.588213749455,159.404768588151,178.029723394103,191.293960222243,210.651409227801,360.246262012422,208.078880623659,220.581726055088,454.688636148199,177.132278560232,247.837755036117,162.646124935881,177.67087425288,180.555305316428,146.651566284201,542.46131697076,280.12729217026,158.734500807387,156.398950811573,168.882815834915,296.947970983133,142.825282524013,375.446053994454,168.501564277233,172.901913133051,148.225424349828,267.773673774423,150.279546139302,253.327198205329,144.778526468991,140.465635528119,237.538265805917,186.896390829114,148.384249742216,169.539197357756,226.750768211492,171.93210152984,166.480153368921,220.892971610974,200.157046312192,207.996111443565,154.53672596663
CAMA-1,120.879216880122,169.277228849924,197.23872644705,194.242956071633,179.946638124188,245.381779284498,228.871844588796,125.695174616972,299.509613816266,129.295771600193,105.655922454675,250.22236044174,176.919855676437,0,280.30871798166,239.732439444361,364.729987364048,219.503015463301,306.736178406563,203.558746903958,203.605294613669,348.842224367078,327.942630084035,140.516163495766,221.873078742727,167.837710526894,415.636207786712,447.684619342602,129.087683948449,418.950734928877,106.664277712062,172.005205362945,272.078916672516,540.924138033153,230.867783691943,325.736387110067,327.891537329004,247.506916237731,267.064677889633,116.97028461529,223.029077118156,219.393723447439,242.793177937598,336.903634131292,194.774877436809,213.574831879193,218.566917678587,260.945359659417,431.46747251498,241.346543742476,231.788373949993,547.45258611531,217.878242141244,335.864002712526,143.715822837623,264.461581673798,233.854982231374,183.840613160394,639.726916885662,355.119255692357,121.67500271701,214.65815824284,216.593387455618,377.35284149023,168.568037362053,462.095228299811,169.401996558745,227.271917404657,154.419949196632,336.128063986845,109.933133577067,344.411689633558,110.084541910249,142.81613194848,321.438402490198,128.11139121772,172.309060985293,238.037583320428,301.714272088575,208.128264700761,232.991693182478,251.141980487661,286.507561952502,279.742382208433,114.552110322647
COLO-205,262.600499921285,225.046038285972,208.467252219211,218.88481021381,235.153344136284,254.828774742506,219.215108349821,273.887859356659,256.085551271457,262.43418193137,271.929438638588,232.081525141129,218.98884888735,280.30871798166,0,233.807622211609,244.864574130818,223.047868968072,233.953135947541,228.99427276251,233.461321871726,261.631033947018,267.591064504756,336.779256998191,198.875823601942,253.771251667573,269.791753467376,330.422690809312,304.058488926395,301.064143021963,267.150012150403,229.274498198215,201.539263607189,371.23299462746,189.468150329227,205.154394348172,220.08455625671,217.952336458561,216.17078360275,234.805490607519,189.811170738143,224.561575653325,233.117903585943,242.969954707491,210.378587073215,227.707144722112,222.211869832521,244.774584802281,292.069914410973,239.182428278461,280.650115773605,403.533697722811,222.557909292309,224.916002397146,247.604751592802,202.210857330666,236.393571086121,225.066007107505,464.395524399631,251.409514677589,285.866103239366,233.73167722347,213.258895172641,279.122316720505,201.610412081135,317.877156321238,229.573273823876,193.617836678044,259.43508413328,239.160092161219,260.908973376949,229.410707744383,264.987129400939,251.786391022985,209.746748647902,296.334455534051,231.14235182486,201.207002060899,194.673553570035,216.024054592733,188.917428012206,247.390353515258,211.371672756282,211.722939319599,280.357531958008
DMS-114,232.585846217639,200.430096792123,185.27620739377,191.063823425277,223.155435683706,234.163051892275,198.827554482322,245.409017794556,227.650147456549,223.396281304604,236.440251293503,200.964729775865,203.198179775594,239.732439444361,233.807622211609,0,246.278341993108,195.682759557837,242.449834793106,189.986452365606,213.648132645411,264.751094989355,240.715468700268,298.330188559605,184.886101168682,231.052522942028,290.31513557588,335.657547893851,275.208635768805,310.731719426686,230.616724509865,189.398812727167,211.966656744753,398.133585074445,181.567392397053,226.180656019129,226.335709914182,199.057195284505,196.993689319768,228.039706058899,170.415054104741,216.437212398446,214.430112487609,245.417296682811,182.649630416944,207.245384341668,195.994932415459,229.522124550795,321.292701660812,206.551625602554,234.402257319126,405.018648129184,192.98363651109,254.996521717607,209.785880908464,201.572662457947,210.161170075898,202.329096282518,504.61051193425,254.05908939728,246.247359672068,202.283675679353,180.006468145017,291.674868136152,188.895503072379,332.051612192073,184.580962504097,199.906623385541,222.650266825252,229.415084008943,225.877104984963,242.32449551009,227.948361366885,221.770339289703,213.273729302704,265.814123508606,208.199132565385,210.961849844042,211.086832582299,201.796545451548,186.583266751046,220.544141791182,202.698455741187,202.928057954786,239.664055806991
DU-4475,350.056121856459,305.223085979655,265.612603440594,277.451500983893,296.04700313967,301.907857253332,253.876478472429,354.387790775123,278.265672440577,324.047941560182,359.58674691961,261.622500643046,294.61467944277,364.729987364048,244.864574130818,246.278341993108,0,259.556778262027,251.335992976952,266.940327106842,282.409860321772,272.018111772593,250.08555975026,427.674889742323,239.182811830235,336.718435135484,209.870104583962,253.83591963868,397.051505728808,223.586761394103,357.626775632626,285.21543737874,247.519383372176,288.097783747112,237.127028696209,234.570898910431,222.955895170036,226.705908354347,229.858442428686,331.193471360278,227.702791320804,274.902587620566,247.691486947112,178.428783005828,254.164665611383,296.886401826652,262.051777357131,269.637586313017,213.769972546218,263.05501098435,321.535383304681,340.444789787528,246.778865346145,230.52995368477,323.967787181584,216.33731490466,253.136606941981,283.92884078273,361.527545801323,198.946604535959,380.881910982884,258.042659052968,251.573989229945,267.18566524786,272.068457125836,241.70840967711,284.10343052809,239.925108454101,332.301907765596,187.387047308389,344.820938907208,208.920950239739,344.109044637627,334.499401784011,188.148114071546,386.885937941707,285.179745263818,252.956963410699,201.227398258729,270.310114133027,227.629275797015,282.854227515516,234.879342009261,241.097613618944,370.005852929255
EVSA-T,204.229750718624,185.199544189382,182.707918988116,178.442967029803,190.144222785343,212.821306013354,187.250924675646,203.751163447872,219.468991109282,198.538413245168,204.055087109842,214.138234550894,178.001444955614,219.503015463301,223.047868968072,195.682759557837,259.556778262027,0,233.438235384999,178.236202595455,173.646126559083,249.823091499605,233.159725165573,266.687408453428,173.346179348764,194.339511391959,301.04506347718,331.946244284988,239.669704951021,294.37283845361,202.729527979106,167.778650641659,195.025470782728,412.025107289405,164.312770482744,229.167076239921,221.828906951181,191.629960870976,201.515842343331,194.898880310748,162.509479674057,181.624950052008,190.593275558093,239.022810570538,152.757173190834,193.704542495646,177.248456135759,213.008842206131,324.426042887144,192.895240578078,235.503086313945,417.813749056149,178.487890721261,246.515601753474,178.135496108214,181.552445821931,187.727789262954,176.280234551499,505.803300112034,260.191692929411,226.870893828043,177.172886481503,172.259563140486,284.016309047696,165.875722827593,343.727478336804,172.042535554578,177.79130619293,199.23951032376,223.878254241281,188.466521442631,251.001862197254,192.032973845556,188.77419045439,224.53865158813,230.331416999305,180.955668570838,174.936836769634,201.210030416578,193.209945447407,165.743529273387,201.58508489492,185.806331327152,203.477404435487,212.221994780923
HCC1143,295.091422809045,256.28805536075,224.38451202327,232.578791083418,256.182168570435,267.954294154182,231.021305236925,309.924239559306,233.323719092803,292.939983040257,298.311284347016,230.916095380631,243.967141433676,306.736178406563,233.953135947541,242.449834793106,251.335992976952,233.438235384999,0,252.93925879987,253.251865033471,246.0918891984,246.991382405038,358.296190375563,222.227088147944,278.607874369589,260.053742656001,322.754435240356,329.193448297253,284.135762360397,290.828173661273,242.874742467667,209.113652922995,357.732717651358,212.951905425563,221.26830352873,234.599234182962,222.338728596638,210.558654904801,288.569724972878,209.39682488188,244.170853149632,230.064050510772,224.802793153589,231.043987504908,248.89336000954,232.639266422273,257.249717048271,269.21557929415,241.299117065401,297.836209166825,364.320478522367,220.37840924934,227.020822047503,259.954732117771,202.591554386853,241.036611352198,257.541118122791,461.309530267854,242.430445344895,314.611392530582,234.96823773408,221.377409202249,262.375543582939,236.105490370369,296.49566001487,250.615422864025,220.490206837107,270.553729672413,232.557091118823,282.229674415938,224.189151318035,291.123582846302,280.018656340875,204.547351733513,320.822997163932,257.884450198214,248.827576764454,194.391158046751,241.2601745953,211.304037546212,254.352221819922,205.327537734055,232.525922511159,304.670796508262
HCC1187,178.398004153617,164.083006713155,178.165475588045,180.825578611128,183.56797555124,226.965473407903,160.983603108425,190.033658658422,243.335284124396,163.810125804117,182.222584964341,219.969583227151,176.686979388071,203.558746903958,228.99427276251,189.986452365606,266.940327106842,178.236202595455,252.93925879987,0,190.439694248726,294.979225758145,272.759939158837,245.165110492708,182.874019880643,186.559477852877,329.326804928784,366.008989437358,219.526184355762,319.654406473514,183.766245713213,161.476037269509,205.957390684056,440.606250335166,177.547846230142,252.763235895917,245.628808435184,205.845545365561,229.304689701657,167.447872328625,172.344784080154,214.468715172889,195.178539216686,257.83430613292,163.387803692677,216.204748258702,180.239853464882,203.596245553645,352.1319949292,176.663911798629,237.739903974475,455.99235872803,200.673285449291,273.074537166947,172.096815250677,219.355258644815,196.272381576262,168.27320846092,524.555846512604,275.961119723619,202.752618133264,193.89603692402,194.318770384709,320.666118037197,168.515490823393,377.157722055514,164.347808063782,178.335870176046,194.770602127397,247.104197814496,169.899900128626,267.861295341186,168.292987009434,165.513984338396,243.048351225273,220.425975116494,180.504992299055,185.000389536651,222.705554953117,198.840886284378,177.966878245839,221.645601282539,217.373121904819,217.826043332627,190.458460284182
HCC1395,186.341062228428,188.663869130226,179.200922131121,165.241592737348,191.395798165211,218.994340797379,192.377698571777,180.848704834758,245.35528370211,186.045698610286,186.820945777969,213.172801385071,163.483284065949,203.605294613669,233.461321871726,213.648132645411,282.409860321772,173.646126559083,253.251865033471,190.439694248726,0,277.126432750688,274.510633728112,244.879194260429,178.796277550335,200.16520969621,317.978468522969,364.464497710703,223.071047188837,316.50599187234,183.022880749185,166.05589241073,215.204806400475,443.151575078471,185.276521047691,261.829664502158,239.307818681184,203.890421717045,205.570710306644,175.257136488533,166.97173077613,190.351011394314,204.285762232091,263.22452772897,172.246856421436,194.034035403836,183.06571604894,210.431848368982,344.856165815197,217.214605916622,236.428844675718,450.606441534779,198.179759066624,263.521241915566,179.482007323319,194.71112109542,190.57268869876,159.618572730339,527.782267024771,285.679878561962,204.706332926646,165.526378617335,179.807123051458,298.220435587993,158.074919720464,372.972002078279,174.718529790023,197.372854297681,181.306119626129,246.53061683017,175.547363600359,264.921762052764,171.912774002954,177.314217940256,245.178152086588,215.91358798445,171.329790609855,194.214721768591,229.152754468382,206.856376893775,180.447372568183,229.402346777394,205.765464810022,214.754265674182,188.289749216035
HCC1419,331.990901904914,297.450020159621,269.709982337376,268.754102097638,291.273543691609,265.648555487356,260.552780134552,346.42727098513,266.670902871117,334.017157364333,342.058646910223,266.599899800125,277.166805956296,348.842224367078,261.631033947018,264.751094989355,272.018111772593,249.823091499605,246.0918891984,294.979225758145,277.126432750688,0,257.744186742878,399.715887306602,237.461206441423,313.889056479348,255.260038252357,303.122433274143,373.030022067515,299.073032004695,330.591616797512,266.492865008405,246.559708715211,347.617395205256,245.731500924279,237.318410172301,244.274944133352,253.253864361419,230.904438991901,325.360489248247,246.595480694855,270.538186123583,261.725995227539,244.106065014034,256.257533893896,255.778490523721,282.004819960178,291.801582137409,281.615642912971,286.491243830038,323.791927528606,359.8832314678,266.876401032474,241.984054844823,311.212718674924,219.412517640496,278.230109259939,278.086678198735,447.851620987815,269.56977763079,354.05168512072,256.482882625276,246.926811979958,281.904816987664,268.896587909652,311.576975704264,294.340453785057,259.008232370118,302.744269647056,260.874700058633,320.596977469303,253.082337714207,334.164419140206,320.946233798928,234.851438878021,367.884049109776,289.150351375269,266.597054775749,238.250399082381,269.962173051992,247.450927611029,280.956836411511,222.735826413359,240.008047487089,341.325260706547
HCC1428,317.923302224713,284.465883585863,238.27484402233,250.819233686088,280.789850377851,263.254686245373,284.592123929419,327.00320475574,256.001872170041,306.873575402611,319.664710996833,256.667540256738,269.007248541606,327.942630084035,267.591064504756,240.715468700268,250.08555975026,233.159725165573,246.991382405038,272.759939158837,274.510633728112,257.744186742878,0,371.315604297007,235.626794305901,295.780875493419,270.869448207465,311.251055362194,348.653128598713,279.519078856451,311.647251250252,271.702057550106,238.511274192874,375.065276258895,210.759652673867,255.199925021149,239.304841979084,231.451050463289,242.104648915361,316.266169846031,245.596305294919,242.034842479587,238.50121629627,220.455848532578,239.025022931891,244.544438680868,257.864125466003,273.989952104732,282.117936831515,273.712567602416,289.789750382752,378.132481376325,233.295908778353,251.916779643653,296.053602244785,222.398253363556,263.468159259987,268.639055449709,460.898108088986,239.223942823974,334.074674695229,243.808133370945,222.514023493148,297.42971020545,251.929351739553,300.192503957073,259.424081372116,232.135166952134,297.995141630222,239.10183045068,298.353394809724,256.23334966845,307.237164662714,297.94369226859,213.640840741617,335.512061194616,270.937945884486,241.987848597309,221.66823008514,241.978160812142,242.479981826241,249.924542618333,233.387293193961,242.066868717674,327.674134563169
HCC1500,133.745942962266,210.678305310412,241.705275827857,234.640489840631,231.59658336463,279.423748970242,278.707658915557,151.71000293997,336.768343778809,155.260230438411,119.209468475388,294.517655114985,220.24947667325,140.516163495766,336.779256998191,298.330188559605,427.674889742323,266.687408453428,358.296190375563,245.165110492708,244.879194260429,399.715887306602,371.315604297007,0,278.337121287428,194.438110258899,476.978436041645,504.905571605174,131.302378232233,474.624613808009,122.978719795014,226.108770907411,319.745433762704,603.615337122005,287.581808940238,377.470633804984,381.500083350224,303.044441591671,329.439867781226,155.701689650298,280.000516920766,269.999068768547,287.25442459964,398.323496658268,250.134164689295,250.717224424555,266.002768857279,302.619812360203,490.830923065356,286.105483734518,261.987713328352,599.199966660009,273.862246292664,386.542155643057,180.8916549492,320.340189741537,285.44512892474,226.232784980194,699.726203853661,406.354266903486,128.212889826431,258.83662810752,267.82380825717,425.95174901992,218.424158321003,519.096094653199,212.3903076294,270.810536161058,190.69183548631,392.683074213681,136.991823226084,399.409756497001,132.29879023378,158.849716079252,372.706775823428,126.096140628443,212.938315233353,282.255677598897,355.359529987863,249.415356629665,287.355729590405,286.397647055495,337.311911904101,332.278982133705,124.253444501796
HCC1569,210.471949689228,183.107739336135,178.493207205884,172.624388446985,185.850491186718,210.929515049246,178.619729553692,215.92282450466,222.149528017765,198.99202267632,216.931488046768,191.050199187642,181.55240942208,221.873078742727,198.875823601942,184.886101168682,239.182811830235,173.346179348764,222.227088147944,182.874019880643,178.796277550335,237.461206441423,235.626794305901,278.337121287428,0,207.588668151092,278.552004123935,327.846765993827,247.886886966438,288.382402113212,212.791802294136,153.053995135967,191.609306494947,390.078150044944,155.51964486567,220.234004701513,214.551601585663,168.628962607061,189.374300228389,202.189668192534,143.485727628242,188.057903831805,195.792252946193,221.028550558905,157.562692550394,196.603689210162,193.920598264468,208.431614240809,305.703735678891,199.41235594681,238.618211818314,415.353921637624,176.732550839976,233.741197944991,194.776404393411,175.871689749505,189.802024676295,171.873567328489,495.561691505328,251.946768393544,237.010897441516,170.739250135541,155.787992385412,293.656348108906,161.755766440896,325.8667940291,172.541894278164,172.881978794797,200.298344595031,228.956010538271,197.670786795969,239.621343910195,208.580460361363,198.386865948208,216.59368298503,237.914612435355,176.091902895969,189.852877316107,195.153692902142,176.517101828405,172.63353121532,209.426020516345,187.01052840979,192.983803444428,223.376167153667
HCC1806,146.003318688693,156.064126494901,188.577125793053,176.716197443329,179.471990847092,231.687246085232,212.086867567722,169.717772057399,258.178522952742,160.404894007119,145.723003322912,236.50949991087,166.776464180834,167.837710526894,253.771251667573,231.052522942028,336.718435135484,194.339511391959,278.607874369589,186.559477852877,200.16520969621,313.889056479348,295.780875493419,194.438110258899,207.588668151092,0,368.053766168495,419.828335526046,179.979029020709,376.034291629969,141.700744950545,161.723786556925,234.42358529314,497.56322648639,207.981498498057,287.305604173071,285.618937448615,236.739833287982,251.015585439707,153.888613365144,199.072104283544,217.666597239263,225.431795957689,315.127291350224,174.632524573949,189.946578950395,203.186603302365,240.47970250606,392.854637929691,204.895272736087,230.417713054285,507.865973832305,206.404928005806,292.041378579947,154.078019241111,234.917367939931,211.034587319399,178.995975809041,594.281230824027,321.583114685143,161.968815530208,198.694750723222,198.512233787453,338.415954597593,167.450640841416,418.451200912175,159.743180144855,189.13413781186,155.507078854777,304.638725385349,150.834729739571,310.721407222759,147.252385131203,146.290749808691,285.853945286717,171.150070771383,162.171829015803,217.457679555033,267.687999588701,189.600621476882,206.536808486136,243.350621545798,247.292671148758,258.364191414308,145.324790125887
HCC1937,400.290602303398,346.367348420705,308.634576997854,307.70518414727,338.404550691893,329.017686657009,291.70927756845,408.133054771383,277.353438551355,396.129330569753,410.793267511296,285.910277663427,323.528964985766,415.636207786712,269.791753467376,290.31513557588,209.870104583962,301.04506347718,260.053742656001,329.326804928784,317.978468522969,255.260038252357,270.869448207465,476.978436041645,278.552004123935,368.053766168495,0,247.549132607032,443.940100330208,227.672107435939,403.320733256527,316.274010050618,243.699052974775,249.202016648374,265.196476125319,227.125656231658,218.392284126992,281.846243627043,254.792447207035,382.997965938173,268.686759013853,306.827871190537,294.254811127295,232.592659653448,293.029425587122,321.105395717878,309.925042461154,308.103559408139,228.015771604732,302.091170530692,370.814088470135,290.590763840719,290.087290090667,223.723895998633,371.696568435046,236.367561620797,291.402852716311,326.236452143368,339.686861727646,215.471865193411,422.944026925597,290.767466753856,288.665400480984,279.167471998222,312.741477602724,220.027559112243,337.553728095435,281.794774906436,362.968832786502,232.363655433813,391.600373185471,210.613539017262,398.177709471814,374.936850219862,203.545527423307,434.379999664699,332.579915215784,305.402884693859,215.261215620024,302.792395138309,261.709935452477,333.971147205245,225.184384189395,254.30469860683,412.076298166997
