,22RV1,647-V,A549,BFTC-905,BT-20,BT-474,BT-549,C32,CAL-120,CAL-148,CAL-51,Calu-3,Calu-6,CAMA-1,COLO-205,DMS-114,DU-4475,EVSA-T,HCC1143,HCC1187,HCC1395,HCC1419,HCC1428,HCC1500,HCC1569,HCC1806,HCC1937,HCC1954,HCC38,HCC70,HCT-116,Hs-578-T,HT-1197,HT-1376,HT-29,J82,KATOIII,KMS-11,KU-19-19,LS-513,M14,MCF7,MDA-MB-157,MDA-MB-231,MDA-MB-361,MDA-MB-415,MDA-MB-436,MDA-MB-453,MDA-MB-468,MFM-223,NCI-H1299,NCI-H1563,NCI-H1703,NCI-H1793,NCI-H1975,NCI-H2085,NCI-H2170,NCI-H2228,NCI-H226,NCI-H2291,NCI-H23,NCI-H3122,NCI-H358,NCI-H520,NCI-H522,NCI-H747,NCI-H838,NCI-SNU-16,RKO,RT4,SW48,SW620,SW780,SW837,SW900,SW948,T-24,T47D,TCCSUP,UACC-812,UM-UC-3,VCaP,VM-CUB-1,MDA-MB-175-VII,NCI-H1437
22RV1,0,144.108902238684,150.003308522938,147.734784238735,151.578691464068,141.359021622968,151.892819706303,160.713784690036,149.182468441633,124.594982088022,142.005139760186,154.47666633702,146.666498581103,134.654172695929,149.72392189326,147.234028621665,154.740337039777,129.952393536174,150.777332826139,149.612336316674,149.641757382076,141.676167642034,141.110588637524,139.409640828838,150.508231983744,152.890626405383,151.030929703098,147.811615554602,147.33851350902,155.206248316595,135.714183849137,169.014542715639,163.475055807098,150.426681025286,145.896480113757,150.017838845037,150.470030721391,146.731665431742,146.077765424424,151.650641219419,153.660052615114,127.43810533436,145.788389213738,149.863174097893,133.068918477762,141.463613102134,145.898364101835,134.850068155632,149.09655308182,139.424400630951,146.672405912837,147.105984773529,144.83873224306,142.2548030933,141.002126778605,151.472711831727,127.442549901711,151.985125509083,153.230636118539,147.914895571605,139.280424197404,133.203711327526,146.807814285294,138.960564847512,144.74139822125,149.49941068526,149.588012173597,141.287572621953,145.394027736142,143.853428971962,145.780878814255,138.415890770542,145.889284205001,151.579608933385,138.009096412974,135.803375989707,147.844218798024,132.909412959478,159.325083130208,149.987366460729,148.49512430183,120.948216717271,144.401648286858,145.925667415844,143.062029413274
647-V,144.108902238684,0,139.648888808448,115.004492355071,126.814809293836,143.435653426751,135.105436539944,154.724058176419,120.229242070557,143.743832295701,134.630511431094,121.536116304964,135.112495297727,144.320521231951,145.274190183752,149.441941541062,162.153198839183,146.935008282118,110.991608905023,136.921595436523,138.420813074994,150.576283827781,142.179713306992,156.806461598838,138.774450158014,119.057553705726,115.861780975049,124.57915597604,114.600749362545,132.444953137144,123.296279558625,145.631486963026,124.94062828345,116.316287388732,136.603403860515,109.425967317003,141.395798126611,147.980134236144,124.606912957294,142.310865749816,136.32714150672,136.433381843545,140.128466417583,117.04829208661,134.749307088132,139.028072763065,123.653120852536,150.398793967757,116.128534956462,145.088025430771,130.05833178805,133.112123468509,132.147226393406,123.688664322322,119.24365575434,119.847581716696,121.003181519987,123.975767657581,115.542256333332,117.888628480326,124.250050413073,122.279259333665,131.522537680012,140.917079234021,141.371038917579,117.132649546582,131.418269518592,141.707454653789,136.81731759495,131.668919498624,134.990598743212,131.896463184503,118.488579698973,132.789423330902,115.441791815588,132.863584025803,109.13598404497,137.508587189594,124.559651778153,143.652038434031,131.271249952327,150.306516641841,102.877327748839,144.556803345643,135.995780927577
A549,150.003308522938,139.648888808448,0,139.177887417231,151.244770997464,158.299851163377,146.687611269398,154.71635173147,142.879707885058,153.522692192342,137.592124451443,135.417463081264,135.539290312896,152.824872267979,148.583958989819,158.41217785311,168.968031687703,157.587100597805,141.137703914912,160.734057524402,139.833547407041,160.903264429419,156.762014601594,161.177435528427,151.570851146213,140.932627368281,144.696622076635,142.650207192581,142.04379582616,153.999931564808,134.158408968836,156.740249978159,158.545806041305,154.000480994339,138.470344488135,139.179817457626,156.404076512913,160.851440876459,140.011734558904,151.953358026057,149.517878430844,146.767179096492,150.535471287144,134.512916955452,152.170529425987,152.546682001307,139.986458172705,162.066561475333,148.494771376264,154.179395147459,144.931915176772,123.984656579547,140.533070033856,121.875696433534,129.833902244916,142.627170951169,134.419828791348,128.49367995626,135.286447473047,139.006375949177,128.401394507023,134.335558948868,141.903681110645,149.363206500988,147.454402741034,142.959286932552,126.704627202673,143.524136518307,150.690303217356,145.945402434179,146.541941415378,140.944786569611,137.937246599152,144.418603858849,127.949173785135,142.077673963993,129.076414427357,149.641055206635,140.753078208243,153.486858749711,136.167699036076,157.381117318048,136.806508383313,149.198318871063,128.683807966882
BFTC-905,147.734784238735,115.004492355071,139.177887417231,0,139.557114153066,143.26982259275,140.433961993758,155.182548088203,130.064312749647,145.567961610571,136.42439759667,123.990858036364,129.508423819132,146.883964330331,144.702282528426,152.021946040728,161.414076537252,144.987375665761,98.4376351968248,143.895703480858,137.265534480966,153.478210431671,147.240333735962,158.181734595679,140.411055296401,106.848748054401,117.576743948918,124.297102277471,126.399513464349,132.34630784582,115.66030216958,155.545705261502,138.212347066344,128.839032976265,134.036773430584,131.478977642838,140.887299287516,153.441103293042,115.858305878395,138.176634795897,141.871233568905,134.027639034309,137.974384621497,122.688972945447,136.863529289469,141.879838990536,128.336089162252,152.999960118844,125.490931559684,145.083210605265,129.438836981028,141.36561383451,136.05949764309,127.799612283263,114.685634119259,134.850588542399,119.181415375485,124.176404124488,133.993327045701,122.079229361946,121.128192699244,115.442778738882,124.838020651805,138.789554648895,143.931501804392,129.582631022697,131.859516957474,135.862740979438,132.536757163013,128.53833474249,125.038760311748,124.324626678216,117.338469668934,130.939973716106,113.654231268819,128.022198982913,118.008446752967,140.125134204779,138.400326931375,145.10302609661,129.127883394864,149.591755460461,100.754134655502,145.631421871761,131.160309612811
BT-20,151.578691464068,126.814809293836,151.244770997464,139.557114153066,0,138.353680841935,154.909170572266,160.457987939165,147.229413927327,142.703885714232,153.100641720779,136.849484200436,148.152166958121,134.373782996434,147.179154361349,164.900665612193,167.514209659965,138.638045362081,136.090292456534,141.746343869948,146.314351670821,138.884095909855,136.845528915876,150.739620215416,145.184602655362,134.344127689246,114.200028381885,111.929436677631,135.514832241389,122.624191542515,140.664419316551,167.853981773576,144.320018996278,133.928723825329,139.938433587721,141.061001681338,147.482571339708,161.630687943304,140.220868270945,150.810122921129,154.708346410399,136.119209272128,143.843054672661,144.822637434451,133.133824718725,136.268634506708,145.189917889766,140.66582369046,112.290781845868,144.260954145511,154.664340920241,143.306623831261,148.407463124205,136.75321058893,133.980831910721,138.904649351217,137.36127349991,141.913456373389,145.850030257707,135.969098634966,143.035188480419,134.610662195369,133.888489120876,153.787124537785,156.879622512189,130.681964813802,141.928504807203,143.907983919694,153.609897460664,137.539303559579,145.817447437808,147.338503556094,129.940113603922,141.131978102841,131.343492646533,141.543357698862,139.747766269167,136.469807198674,147.609216954013,130.762149998567,153.222918397904,156.605921596998,141.842581985067,130.357863330085,134.863745016193
BT-474,141.359021622968,143.435653426751,158.299851163377,143.26982259275,138.353680841935,0,158.396341668842,161.791023020894,156.105428033655,116.376750531986,152.43123386981,145.718833984958,151.182962233309,110.344751977941,152.319575837577,157.683077955622,161.887069890018,122.944178167876,149.139090836613,143.515232830295,151.364334826649,121.220762324581,124.720726699879,130.214224473923,146.39502746526,149.06030832964,138.191384046466,136.782482290569,145.389479074281,144.216578177702,143.802563341174,175.904553324529,153.846281077625,149.00868000118,143.258956355818,149.061826772488,144.104664913275,158.401741250848,157.992304127438,150.083904861442,156.855371540455,121.047571884928,140.119662029011,155.947244504846,102.326828828661,132.682336304065,154.946944675105,123.261334399545,140.069064384948,131.510710569656,155.687442699582,156.045647448756,148.349602561788,143.91342568569,144.06950779906,152.214182374454,133.678055682611,155.684174754237,157.171531488746,146.693935308546,149.053140958989,136.347198355262,148.381772279359,148.720789050217,150.571457650906,148.914058514584,155.103157069096,143.128190914174,150.44287327123,145.365099945851,146.680152921509,141.824332335928,141.739950467571,148.022607707145,144.82642414941,136.582476652926,151.6344344308,126.219344516929,162.293458651757,127.460303283788,158.686128658684,138.972992137482,146.810635015537,132.890758507804,139.299000008829
BT-549,151.892819706303,135.105436539944,146.687611269398,140.433961993758,154.909170572266,158.396341668842,0,144.141243792654,123.837170601861,150.583013972975,142.131511702338,150.416392664291,129.465187833564,155.443274952434,168.679441042971,140.538525665042,170.017005464933,159.994818639069,140.047768645455,143.179456891895,113.957434276391,166.533237215781,160.647708715492,162.639624075371,136.076162642844,145.664623694778,144.668593087975,144.650863532681,134.352676290306,150.186146826103,139.960440328449,121.096060291037,157.167770385823,146.251770326429,161.959905929249,116.077346073032,160.890390691238,150.05194695235,141.730379500502,166.576705959916,129.061103474761,149.496923432665,136.037093490031,123.74810676704,154.857138036065,159.181557847077,117.571399473303,162.468623640114,143.120391192121,157.60241555703,121.059861125522,135.008790405425,120.647272257893,130.200093403109,126.587991630424,144.091947373301,143.83618042626,129.887212916162,124.962094841605,137.995837870116,121.762789785645,143.83529297062,151.167657159651,148.531721021294,142.516118534419,150.937644270464,129.47316312089,162.519248653755,139.437536808751,159.282657386775,154.093748748794,144.425547447492,152.901454298114,154.56258618079,127.944915981327,154.262980463511,118.476667378212,150.317364287568,120.468660620035,163.178041712205,117.621561590161,158.922856991857,123.781463637284,164.509139369251,154.418126662132
C32,160.713784690036,154.724058176419,154.71635173147,155.182548088203,160.457987939165,161.791023020894,144.141243792654,0,153.549892764336,160.305641564131,156.040044333986,157.677575828176,143.379911153835,160.557587363398,170.397871186281,159.954421703971,169.944799203708,165.022294004565,156.52412410898,163.391920625265,135.77437052598,172.292084914109,165.768019693455,170.104717569744,143.033414155275,156.477707903325,160.099151592072,158.226607667204,154.291246436802,162.515974096419,148.944820384806,150.428700079493,165.671181764197,162.153765596033,165.805568687446,144.476921806143,167.846214144163,160.48747825113,153.618778387278,171.413073326433,106.144392220073,161.18864399979,146.214966162998,145.361438335845,161.292145035562,165.355818480693,147.189424483247,169.965461238182,162.789837429256,163.949197655076,149.058354609669,148.603169784641,144.446781423159,144.323779109099,145.376322100343,157.261093691574,156.371819719277,150.761578208663,148.791402753475,153.303406647939,146.951901637988,155.370818767109,157.391884071221,158.887597216859,156.151758833029,164.854804888228,149.748344455886,168.776101599278,149.784659963157,164.347521358991,157.691761143687,154.171866421098,159.963009457344,164.792540247464,144.572918520426,160.424000409633,143.007597700136,161.575983392892,149.735081508805,165.764275476306,144.022349818931,166.081976356908,152.542131204713,166.020376555946,160.402232937121
CAL-120,149.182468441633,120.229242070557,142.879707885058,130.064312749647,147.229413927327,156.105428033655,123.837170601861,153.549892764336,0,152.203239670674,137.886068038262,140.833704498444,133.783319900652,154.055611022306,163.849862778491,143.450315929018,169.270114400744,155.773047621365,126.67155917284,151.149309572883,133.212379977821,161.029560651838,150.016102586847,159.036515469957,145.077323926306,135.222704831104,136.007913337834,145.368073798347,128.824288548501,152.651773129345,129.70800165785,133.680914271895,146.941867338825,135.756936101666,152.707390922534,106.939243826982,158.390415066595,152.505463366767,132.640765836621,161.319996758404,137.752265200579,143.341790289258,139.991085382853,116.999489926368,148.562950422353,149.663998646191,123.604133259005,159.300793829102,139.126768690046,150.311105710173,123.578987337228,133.924236054518,130.316058550574,128.645273704613,121.986294838154,130.845525984681,137.482045831481,128.444216344855,121.009569878369,125.252354626662,123.615698731933,140.505472820824,143.726862807316,146.391969669588,141.467956138186,136.645706384676,130.794697814817,157.076519502926,139.416501845311,149.604527223095,148.011690679724,139.031097887177,141.291857610758,148.171488972935,124.482460110493,148.68107447425,110.474017065655,143.267076123137,125.303366546369,155.009860909071,124.922589718335,156.412678491651,116.81799017006,158.391698802866,147.99234573266
CAL-148,124.594982088022,143.743832295701,153.522692192342,145.567961610571,142.703885714232,116.376750531986,150.583013972975,160.305641564131,152.203239670674,0,143.766877268632,150.729745542469,147.76484531451,114.61256461199,149.948386785079,142.278348417785,147.944611166653,114.804953722572,148.478821453335,135.241611530242,147.261766921742,128.8028631745,129.04206133317,128.860114290206,139.587556299009,148.662171224318,145.338352958084,138.576785726681,143.965837415715,144.46700245807,137.575959945033,173.940831288829,161.88430622465,148.673314766688,143.251412830434,149.320823201338,144.471240828676,143.942279914875,151.127658319556,148.297654587614,151.928220865257,117.796617318157,135.681420360498,152.255566380004,118.427152055774,137.565093916646,146.640538208449,117.787091140836,139.046873750544,126.420045161789,149.557350934672,149.517770450668,142.028332995047,142.460953783553,141.432437311143,149.477224989501,127.626229052913,152.842469843973,154.512816679889,146.529837788808,140.415032429164,130.139900004535,146.939664043602,138.662248230306,137.252383245256,145.609128868384,151.998402827869,137.754571343809,143.118212324506,145.567533353893,143.070872778784,134.743459318245,141.454113619604,147.217754104686,138.382343278564,129.911727452503,148.295072369087,123.688348837419,159.660363056528,133.340186795235,151.014870958398,127.69212181394,146.676518934573,136.581955048887,137.955740097424
CAL-51,142.005139760186,134.630511431094,137.592124451443,136.42439759667,153.100641720779,152.43123386981,142.131511702338,156.040044333986,137.886068038262,143.766877268632,0,144.553832289406,136.298665674727,150.019932307054,155.361130618248,143.493182105677,163.065772001899,149.578905618635,139.726077061991,151.547719199383,145.905577998278,155.662262872271,152.084408631166,158.16841387733,144.453167345295,140.190357098856,144.090968617985,145.226528839635,141.317312115975,153.288011551347,128.959290056522,156.198617094589,151.593053446647,147.659768056499,143.027474258189,140.297450152347,152.198138856924,154.810216445639,142.549296056131,153.887458472759,147.646895327585,142.553011874881,141.137262801904,136.372542465429,142.421681632476,151.040459906877,138.400402980157,153.844761331664,146.578687105983,149.87373834522,138.078437427965,139.568262046456,138.382160978958,136.858529595378,134.118014399396,142.470367318869,133.846257427976,139.214165703909,143.372255554128,144.378145949372,133.754521662441,136.14412940395,145.794567738028,145.537804075122,137.323255174826,147.103700283127,137.828778013773,145.79184248074,141.595599312809,142.383571916777,144.223719501813,138.564152231355,142.002020980278,146.416191290864,132.847569940975,135.576166882446,132.135464873676,144.12491947505,145.771591838434,153.056435448841,143.000735194345,150.297724717978,137.523620262414,153.570598620066,146.348800461261
Calu-3,154.47666633702,121.536116304964,135.417463081264,123.990858036364,136.849484200436,145.718833984958,150.416392664291,157.677575828176,140.833704498444,150.729745542469,144.553832289406,0,142.795056656458,146.213473725727,141.619992999504,168.38613556201,169.200481331208,152.455075444591,121.245124258305,145.385917015562,141.910104200286,155.628558092148,153.8533903218,161.053902170964,143.25570747375,121.584395373509,119.439294500012,127.405056978559,131.038283680385,125.965163310347,131.927933573959,160.544723409342,144.433287824398,136.491044746156,123.386187114751,132.701957479545,133.204429731495,160.231686713678,132.398895165981,135.36038030224,152.564392635689,149.087610497342,145.710649466676,138.803503901483,143.258727722077,141.454841792952,144.448595740934,156.704772152864,128.101947033495,152.006407014614,151.300416397847,146.634141343108,145.751785238842,132.118916950845,130.714660800691,136.766360883486,135.439814940044,132.269724384872,139.420755824927,116.641806367105,138.279105712425,131.628389215227,133.902035913781,151.654601111673,153.461448417641,118.811277893008,143.669193534972,133.75527880529,151.12096225917,135.989615511405,138.234628368891,135.201137373832,125.768179404249,125.465991521875,122.356606115149,132.606546064443,125.568588264482,144.172768486034,139.291389818701,139.629184712451,144.872902815859,155.406446141996,124.682417884071,140.622641135448,133.633988148644
Calu-6,146.666498581103,135.112495297727,135.539290312896,129.508423819132,148.152166958121,151.182962233309,129.465187833564,143.379911153835,133.783319900652,147.76484531451,136.298665674727,142.795056656458,0,151.963858718698,153.528240634422,143.946845635258,155.986393286738,154.216821234722,134.212010313114,149.069392849042,127.892490801032,161.420174853797,152.726058092117,161.66871239772,141.058716227669,139.416586288061,143.254457713324,145.631297762475,134.205667054109,151.142637844491,125.848321124258,146.077626551969,155.049225362854,147.039323087761,144.409357403953,128.986008836773,151.578868529011,150.493295196817,132.479285418482,154.255984112119,133.288445424159,140.744800219122,140.172443501013,124.280001546989,144.856564629326,150.776365946563,129.001132345185,159.207752445252,145.732491159295,149.726902775454,127.096732430208,130.191845927386,133.689061945156,127.82122534593,122.37397615013,143.682049088656,133.144874020574,133.245043118233,136.77389396881,134.737782374865,121.241318580024,126.38255037375,141.636838605073,138.64465454217,141.216323990722,142.885782205757,130.601513835062,149.468891168305,135.263089031438,146.928333211265,142.99326053022,125.731161785116,139.056404683425,141.453618902074,122.118048691799,138.128683132548,118.170716020932,146.41389557644,130.238440919806,157.587544681617,127.877907017738,149.96914105909,125.091948079823,151.355472272789,142.477625114643
CAMA-1,134.654172695929,144.320521231951,152.824872267979,146.883964330331,134.373782996434,110.344751977941,155.443274952434,160.557587363398,154.055611022306,114.61256461199,150.019932307054,146.213473725727,151.963858718698,0,144.225917148845,155.953892535913,159.272745946283,114.938051762401,151.362359506217,144.291000080085,149.336032503569,119.007502358195,119.399664938789,116.359888316545,145.108071029716,148.890417073508,136.590608567909,130.623860663487,145.851129361858,138.570134232946,140.479281908587,175.119501310355,157.103532801233,147.554004004026,141.046957828431,148.6495020145,144.013754881684,155.563910410367,151.260789715664,147.376035112891,159.958211388249,110.48291273247,133.729411009573,156.655908172321,112.523292876162,119.760385428062,154.886918177735,107.681993159086,138.991415084418,123.84427550761,157.746521683902,148.884587283746,145.800557527941,143.818810148109,139.181883018566,148.193141944473,136.99988859145,151.959041980544,155.170939975883,144.79662116618,149.130464982443,135.720727805999,139.619312698307,149.200390539644,150.503084687874,141.465236028872,149.553799325645,141.518007847293,146.721711807896,146.147852841498,145.466513823132,141.548157341555,139.854953773519,143.687673389833,138.751592906793,139.097363659501,149.694086155526,111.352720768803,159.062227150911,123.970236173306,156.779977686111,141.561196148205,150.859982210978,126.258488351457,133.617577493393
COLO-205,149.72392189326,145.274190183752,148.583958989819,144.702282528426,147.179154361349,152.319575837577,168.679441042971,170.397871186281,163.849862778491,149.948386785079,155.361130618248,141.619992999504,153.528240634422,144.225917148845,0,177.619333620629,159.379993646441,148.04502881694,150.092419430539,160.280476645307,162.473456504261,150.166437094706,155.750817210058,152.279133131215,161.035671805064,147.227361728312,143.384161154531,139.679400732828,153.793785861809,147.172372247633,136.548082498588,182.551329370466,157.677958743491,154.494816226049,114.278278007129,155.49676543303,123.658622310924,162.885156988806,146.067446218409,113.195934440552,162.629922713433,144.936418530066,156.854843587485,153.950482807206,149.136079387653,150.795825791765,160.50279463105,147.486248890593,146.321054163737,156.536548428422,166.597880297497,155.188723392281,162.65656907407,149.445354981363,143.567540211414,154.855711926256,137.201780591916,145.219153454771,158.924371532375,145.858466338629,156.289480891933,133.062695602021,135.289640300376,154.234424677985,168.027882794094,128.611245923865,157.003207245025,122.594765834062,148.557172482427,141.692824846067,135.629556510502,127.967853699567,136.366681288932,130.70050530709,136.807389468817,117.420081173147,150.224978701012,145.718836342987,162.015031534697,151.553031024831,162.286358271033,158.11123710947,151.257105962698,142.395516164753,141.657837583893
DMS-114,147.234028621665,149.441941541062,158.41217785311,152.021946040728,164.900665612193,157.683077955622,140.538525665042,159.954421703971,143.450315929018,142.278348417785,143.493182105677,168.38613556201,143.946845635258,155.953892535913,177.619333620629,0,166.653101837267,157.225002716091,152.339678956465,152.38130002588,147.355721389345,165.347200808934,150.059634229016,163.269209896052,146.631191674172,157.667730500566,162.167346214817,163.603300826684,149.52895758213,170.403044786492,145.330092577477,163.953576113679,173.446550452947,161.202716919493,170.547140529852,145.384289632992,168.990133312651,146.967459809216,153.173488475834,178.111414627651,144.290770298049,144.179120550116,142.920781589705,147.144345239437,147.755369073226,164.680021420962,138.504336354032,160.119161776441,160.20555470843,154.735604888054,126.365200066091,151.474915421704,122.567198329672,147.668111057857,147.714077222082,153.568255320419,149.428646228624,158.838697482201,152.156892887127,159.451485185265,124.465287880806,150.752657142853,164.755159951615,141.628702982264,111.252665427702,167.32481341867,143.268466366699,169.574713535183,145.87742431592,166.119363330318,160.067328399185,150.497591415801,160.520577758814,166.433784742807,149.888141464099,159.752694576658,148.277951495037,148.579600573631,156.65894582487,160.613786836178,137.340600352434,152.342545138908,146.012139579304,169.285463062884,162.918862072525
DU-4475,154.740337039777,162.153198839183,168.968031687703,161.414076537252,167.514209659965,161.887069890018,170.017005464933,169.944799203708,169.270114400744,147.944611166653,163.065772001899,169.200481331208,155.986393286738,159.272745946283,159.379993646441,166.653101837267,0,159.872589872615,164.506887058847,161.722816391767,166.222486108247,169.566310122417,161.653033885977,167.644377843932,162.44048644303,163.246677933761,166.227707652762,164.549555936193,166.32706127656,170.569048648699,145.289415741501,183.855012776694,178.500969596108,168.926803999949,157.327998249407,168.722204158192,161.178231593618,159.820915380808,164.436144523421,160.212720034278,166.360451773792,152.262493711134,156.998766986916,164.765585517766,156.674033773347,167.381329634443,162.16738893311,161.976879003587,164.174231487756,161.020271688368,167.849207352071,166.951981497709,163.311054678129,164.415981631968,162.370235608098,165.746601834736,154.163860899007,169.24286779299,171.568638727097,162.425475073019,156.766420513635,152.158544099647,162.480619577023,147.402893075957,163.717547858277,164.510018412659,167.383526502549,160.270317423282,155.496529639636,168.844019645047,149.078543518766,142.49277234599,164.509362276158,157.568823557681,155.994612941908,148.937028093746,164.774347643562,159.380791722654,172.512579645311,163.832893036824,167.344283266146,158.152767418757,165.010554843359,163.134347921955,159.818659060515
EVSA-T,129.952393536174,146.935008282118,157.587100597805,144.987375665761,138.638045362081,122.944178167876,159.994818639069,165.022294004565,155.773047621365,114.804953722572,149.578905618635,152.455075444591,154.216821234722,114.938051762401,148.04502881694,157.225002716091,159.872589872615,0,149.887533261435,145.981368713196,153.884622094594,120.6815360227,128.623055513801,132.976224936837,146.772305739091,147.415510237564,140.915603307861,133.049256971697,148.698364693523,142.793127440637,142.58588640434,174.128910850675,159.335186564096,148.636531189679,139.976619005897,154.659753840802,145.90873716771,154.711016476563,151.482591906278,147.831837249771,158.697925784703,122.565456280989,143.608122805731,156.946437201946,118.998080683556,118.514477037324,156.138717388122,115.758503218124,137.951134994542,132.366307605861,156.398604567697,152.325413632467,150.389667217963,146.249127517153,145.245507305094,148.828805744804,130.495310977598,157.979328067683,161.051065249799,150.998804867724,147.22038829406,136.592261014388,146.583890358206,145.2683423017,148.292553639628,146.044722005238,153.462126953634,135.105250323018,152.685727052163,144.082256427743,141.942802880755,141.808174080476,144.240559481493,148.762250285364,144.791510932387,132.20078558824,153.570798571753,123.252338739949,164.393284347592,133.329209466713,153.382854943195,133.12569130602,149.260984443564,134.963106253031,135.254436307403
HCC1143,150.777332826139,110.991608905023,141.137703914912,98.4376351968248,136.090292456534,149.139090836613,140.047768645455,156.52412410898,126.67155917284,148.478821453335,139.726077061991,121.245124258305,134.212010313114,151.362359506217,150.092419430539,152.339678956465,164.506887058847,149.887533261435,0,140.463512802972,134.218943101965,157.726202760673,145.304950406395,163.085355797124,138.903551402007,59.7402599859429,116.73093497819,127.809428684207,119.726187102646,130.416971245147,121.104497039316,150.021328151465,139.548505750307,125.96665438241,138.930633240651,124.278450769541,143.765749118159,153.042255169984,118.451482888736,144.60773598703,139.836464868124,141.512711942679,136.71724663028,120.452453319176,137.745119856141,138.283619427642,126.171885582855,155.520029033088,122.386663024248,148.328289784298,132.47057540581,141.578641952391,133.771033096652,123.469291294636,118.643974775566,134.830522182953,124.441931379994,125.937220369881,129.33294250922,120.028610939529,122.99477917352,124.756228272381,134.426533671747,140.602648201061,144.462735728579,127.229541415967,131.239004765117,140.447725833971,140.296677103256,134.141330818001,132.21972044377,132.26539494282,122.39834133241,132.269615270389,119.014685867418,134.783808326907,113.521494701108,139.274623461143,133.479161642386,149.934990401598,130.421448486826,153.567920104992,100.752592999484,146.958430529408,132.651543336476
HCC1187,149.612336316674,136.921595436523,160.734057524402,143.895703480858,141.746343869948,143.515232830295,143.179456891895,163.391920625265,151.149309572883,135.241611530242,151.547719199383,145.385917015562,149.069392849042,144.291000080085,160.280476645307,152.38130002588,161.722816391767,145.981368713196,140.463512802972,0,139.4108294228,158.80006072891,143.763592818625,152.080399021291,139.70917595933,139.193689671733,133.635726608952,134.264785981749,136.89697430353,133.847544584488,143.731552425546,168.425775006463,155.990742222444,146.651971792283,152.251911207988,141.011920308891,155.303322796441,148.339757381291,153.545198475949,158.890171700548,153.734073378691,139.487583515115,135.768716231186,147.682831063174,141.637749756571,151.022723859483,139.981873163921,148.516349608614,129.437881001848,152.367595669387,150.824612465488,150.413563807324,142.777457789977,143.495117551325,140.662998313755,146.354784897531,136.594712558852,147.840993442932,150.284520912028,141.605479451024,143.539598140375,140.286254470261,147.960785991974,142.85472841651,144.015427061932,144.79434304631,150.559780291491,149.850892044858,151.205807505882,150.079384508376,146.506259399537,147.423527607182,146.513530977739,145.888321345377,137.180152907275,145.067440116014,144.4117566691,142.301259651663,146.579959653793,150.573731794221,149.887700480029,150.869188387607,145.545755293549,148.419502970296,146.69697200601
HCC1395,149.641757382076,138.420813074994,139.833547407041,137.265534480966,146.314351670821,151.364334826649,113.957434276391,135.77437052598,133.212379977821,147.261766921742,145.905577998278,141.910104200286,127.892490801032,149.336032503569,162.473456504261,147.355721389345,166.222486108247,153.884622094594,134.218943101965,139.4108294228,0,163.644550986953,153.053398434306,159.404418914614,129.98043444409,139.006448870125,135.623411324794,139.229584994638,124.556131868041,139.35986106593,138.623180288394,128.365978547543,155.608413518088,147.031370268838,157.615440836439,122.042448980041,155.828681725301,147.001917855247,139.221373553278,163.233921129044,129.06435073265,143.035012481339,128.170842034418,127.595486373806,146.386170357873,151.143572196711,122.667920679973,155.550582931108,140.334990399983,151.730808492034,133.399106473196,131.114963924776,126.238779531527,124.125595834614,121.699197296892,143.790960173428,138.896604081194,130.795200595073,128.113026592638,134.074219745677,125.08469266066,140.654270054068,147.697496813324,145.712257391054,141.710208132539,152.003192764387,128.219359819589,155.5299567531,142.22890649314,155.165359719595,148.368501872819,140.157289990592,148.487034177221,149.532290067795,126.577452996317,151.033918604467,122.365821729313,147.525954759292,122.528115049832,160.403672187288,127.430796678854,155.815739626938,126.990494270973,155.055323469056,144.077572734023
HCC1419,141.676167642034,150.576283827781,160.903264429419,153.478210431671,138.884095909855,121.220762324581,166.533237215781,172.292084914109,161.029560651838,128.8028631745,155.662262872271,155.628558092148,161.420174853797,119.007502358195,150.166437094706,165.347200808934,169.566310122417,120.6815360227,157.726202760673,158.80006072891,163.644550986953,0,129.419787631599,130.488394595828,157.356196133998,156.452182148224,143.77242266573,137.719494246344,152.50525793615,150.434080557741,149.239819483702,177.631154094119,162.126430704744,153.641322227262,145.460873456839,159.643751999176,152.495495980463,165.49749031047,153.638040023084,156.652949051844,166.803251007906,133.326711957566,149.989324122826,161.280962488205,114.343700094448,130.343713273636,162.573379127807,115.357646052559,144.879950810161,135.557918082883,163.673873098761,156.284741799364,160.203337718573,152.264908587605,152.894704753536,154.761924311475,141.684188428255,160.487975573269,164.110454128195,153.57024368314,157.560651392425,140.107798647611,146.407588611938,158.028788469243,161.576529743074,149.775167787205,158.190695399943,146.941409170806,160.0083177195,146.575893317138,155.834262333033,155.293843928057,144.503879294014,157.355870331651,146.715181693308,143.72255955902,156.672573294913,129.011742727415,170.279549978966,130.367544922888,165.930363660481,148.378724901356,157.321771034045,128.371634212319,143.782275111196
HCC1428,141.110588637524,142.179713306992,156.762014601594,147.240333735962,136.845528915876,124.720726699879,160.647708715492,165.768019693455,150.016102586847,129.04206133317,152.084408631166,153.8533903218,152.726058092117,119.399664938789,155.750817210058,150.059634229016,161.653033885977,128.623055513801,145.304950406395,143.763592818625,153.053398434306,129.419787631599,0,121.66220002154,147.177761184876,146.168573374425,137.948540843555,138.521171048434,139.230373090648,145.023875789122,142.117778776113,173.247278396436,155.701937465783,145.734171691819,147.99515002832,149.51051319801,155.504318664272,152.343708713784,149.728640312488,159.844724965619,154.946692802325,113.609005067849,139.97041827939,148.977970496353,115.345645030836,133.208598293792,150.853559560625,124.203143354689,140.789094238181,133.52492775261,151.294014252272,151.319639449214,146.530268196941,144.085850634576,144.454152886753,147.578133828419,136.115058911201,152.458325466156,155.159221884524,145.32216447974,143.897019198239,140.655702770803,147.498980718968,146.09920223103,147.0223085739,145.535331897629,151.673467634149,148.664364746287,153.524017856818,147.624436381679,149.496305759847,148.437297402826,143.989307738531,147.58474311381,140.975164248594,143.241274174306,148.224016346307,117.336805764137,158.204836728638,133.896611816125,153.540997955864,143.387606534413,146.881169926836,136.484018308832,140.642032406364
HCC1500,139.409640828838,156.806461598838,161.177435528427,158.181734595679,150.739620215416,130.214224473923,162.639624075371,170.104717569744,159.036515469957,128.860114290206,158.16841387733,161.053902170964,161.66871239772,116.359888316545,152.279133131215,163.269209896052,167.644377843932,132.976224936837,163.085355797124,152.080399021291,159.404418914614,130.488394595828,121.66220002154,0,157.716312179966,160.089934036168,151.891937286517,143.026041749031,151.833417536798,153.765668549449,148.901692317788,179.746295659824,166.047745885106,159.531958793727,152.073372550018,157.851310591307,157.375870909134,162.586605953238,157.146032916719,160.974217664065,166.749806865914,123.262702791158,150.846922125443,162.522966467071,132.098520074203,143.380877328838,163.390731574951,123.439869262209,152.994948063129,140.137098356104,162.81830157601,155.043259864755,156.479956725405,152.211155499152,149.378324622487,156.545454940999,144.619101679423,155.896424751308,163.77195200113,155.446360364529,156.515877048814,144.340818845879,145.611557057915,155.684169168477,157.208449704824,152.651123717586,159.727484189627,150.238697383024,156.234525766224,149.64358901284,156.780490528136,151.933288717159,146.973726645358,153.343321794981,146.441780410447,150.798805455774,157.795614767904,122.987109773646,167.201255519226,141.285813648189,163.234484596133,149.456815134786,159.248631661731,141.974440961495,150.029395705976
HCC1569,150.508231983744,138.774450158014,151.570851146213,140.411055296401,145.184602655362,146.39502746526,136.076162642844,143.033414155275,145.077323926306,139.587556299009,144.453167345295,143.25570747375,141.058716227669,145.108071029716,161.035671805064,146.631191674172,162.44048644303,146.772305739091,138.903551402007,139.70917595933,129.98043444409,157.356196133998,147.177761184876,157.716312179966,0,140.258274022605,137.264863225298,139.43018135559,131.775529483847,139.972402420125,136.5991347274,153.972395750519,156.604006271315,146.922267689348,151.252550189915,139.067029612799,150.86881899484,149.004805507126,148.042399448369,159.851905954078,136.69066981399,141.586455368484,122.077252768783,140.979533342083,141.350061828472,150.470792590867,136.301939811642,155.1459089837,139.429172428207,149.166152098554,142.689532964303,144.862508377294,136.247964656358,137.046566415774,133.388969920107,144.519585747716,136.341642870852,146.134209439523,146.258762252082,141.922338569278,131.469090820846,142.748759499835,150.208112531907,147.528367164466,142.716152472269,148.730412218052,136.569519851459,150.779174694812,141.713807480845,154.832795836923,144.807451387934,141.888780629933,148.481597652399,146.57476864428,134.13640749687,140.062393887223,138.641780323863,143.377266665645,145.095564692205,150.437411460753,140.557162948016,151.096721588838,137.554584537459,150.756974934163,143.29593983483
HCC1806,152.890626405383,119.057553705726,140.932627368281,106.848748054401,134.344127689246,149.06030832964,145.664623694778,156.477707903325,135.222704831104,148.662171224318,140.190357098856,121.584395373509,139.416586288061,148.890417073508,147.227361728312,157.667730500566,163.246677933761,147.415510237564,59.7402599859429,139.193689671733,139.006448870125,156.452182148224,146.168573374425,160.089934036168,140.258274022605,0,114.42636078312,125.008346362049,127.766565601898,129.617922262188,124.043971560253,156.872636812165,140.443406042196,128.5876459134,137.322272362359,129.064106078064,142.578120903372,157.216460148205,124.142245535346,146.902299760004,147.815561997375,141.018408587535,136.075952565511,128.283949941158,139.201581395387,141.827638867867,136.928314951546,153.346871656319,128.894421246245,149.019231669611,143.485112808112,140.695196325385,138.469756076002,124.359424481258,121.933755932814,131.599564545859,129.389540632409,125.452083035789,136.937284261385,124.69769505577,131.183665993835,125.19225206257,131.636460546621,144.002484286382,146.663937470803,125.582021356967,134.411452557529,137.016726352062,143.418916849246,127.981081361132,132.016437965333,132.395884361271,116.150690212096,127.801095925797,119.703566653752,135.296732203926,121.051755605591,136.022075011887,136.239765760722,145.690575652047,137.688315895857,152.463094414498,116.838394188148,141.88283878139,131.039346565623
HCC1937,151.030929703098,115.861780975049,144.696622076635,117.576743948918,114.200028381885,138.191384046466,144.668593087975,160.099151592072,136.007913337834,145.338352958084,144.090968617985,119.439294500012,143.254457713324,136.590608567909,143.384161154531,162.167346214817,166.227707652762,140.915603307861,116.73093497819,133.635726608952,135.623411324794,143.77242266573,137.948540843555,151.891937286517,137.264863225298,114.42636078312,0,108.420378218073,119.734393707212,108.041576405401,132.815788337316,164.053324152098,134.705516380684,122.698301203698,136.355799284213,127.036060570223,138.652524436131,158.731046878844,133.744261285299,141.65947011072,150.721217953811,135.449039871579,132.618509311729,135.619540766065,132.379736010484,132.583626460666,137.221538096519,145.064976721215,109.154877592302,142.38980471948,147.912851820863,135.708788751552,140.866983164845,127.648867098321,121.515397742105,133.093946491315,131.113189485757,131.209215813547,138.31052234881,123.059489036055,138.580746392249,130.334590680797,132.187835178232,146.536924065395,152.279460130465,119.905123844618,137.648832041908,137.075154137048,150.199419395414,130.322376248337,137.996692458812,140.28782699682,118.981301484748,126.61444328835,119.773142056704,134.971024706668,127.166552096341,132.517112633157,133.777404755042,138.429751836754,146.738176052772,154.541178927981,125.634158336843,130.769870978417,129.953305059325
